uncal	cal	candidate_id
0.8944807	0.68273294	177856
0.19889618	0.37764806	235056
0.42064327	0.47133502	235489
0.9893031	0.835236	239349
0.83507293	0.6414317	244924
0.8044872	0.6241513	246603
0.5598876	0.52156323	478349
0.29345256	0.42188156	478473
0.3704915	0.45262408	478725
0.40776464	0.4665953	478985
0.3935916	0.4613318	478990
0.8934079	0.6818534	479000
0.23686874	0.39664033	479059
0.7696593	0.6064843	479086
0.51906633	0.5068392	479263
0.43805408	0.47768906	479318
0.6646344	0.56100905	479332
0.91266423	0.69875807	479348
0.9458539	0.7360648	479388
0.9809326	0.8042228	479405
0.27411535	0.413582	479470
0.96641904	0.7693455	479472
0.8723506	0.665769	479508
0.68035144	0.5673013	479527
0.16830356	0.3605761	479559
0.2396323	0.39794773	479571
0.2670607	0.41047704	479595
0.6748435	0.5650808	479640
0.34160015	0.44145122	479889
0.5819925	0.52963203	479915
0.9459848	0.73624307	479953
0.3826837	0.45724174	479965
0.28390235	0.41781947	479978
0.87941307	0.67093337	480114
0.40934592	0.4671793	480131
0.47811785	0.49214962	480179
0.6303533	0.5476978	480183
0.53305525	0.5118672	480285
0.96851456	0.77355576	480349
0.37803096	0.45548564	481180
0.6727105	0.5642255	481209
0.49235424	0.4972584	483693
0.21104507	0.3839524	485766
0.20537874	0.3810415	488038
0.9285172	0.7149168	493347
0.2564186	0.40570658	494624
0.9612196	0.7597061	673889
0.938142	0.72610223	678283
0.7987059	0.6210886	683639
0.8244867	0.635226	685600
0.573519	0.52652824	686465
0.4856385	0.49484935	690609
0.7641529	0.60384524	690991
0.17871815	0.3666029	906445
0.619026	0.54340273	907743
0.17394726	0.36387217	908730
0.53252584	0.5116767	912078
0.9530605	0.7464084	1073611
0.751781	0.5980455	1082207
0.29447654	0.42231306	1228098
0.2092441	0.3830326	1229032
0.17794673	0.36616465	1233128
0.58077276	0.5291843	1412550
0.95072985	0.7429378	1537969
0.68294156	0.5683515	1547320
0.9556353	0.75039935	1686842
0.44727704	0.48103443	1838044
0.6281552	0.54686075	1842103
0.9363092	0.7238751	1842778
0.79771906	0.62057143	1936720
0.80973154	0.6269805	2025825
0.25502032	0.40507165	2027448
0.9576133	0.7535875	2028910
0.30444077	0.42647365	2029885
0.77691376	0.6100199	2109031
0.39973426	0.46361965	2156472
0.27348813	0.4133077	2179551
0.4936834	0.49773502	2181226
0.8514186	0.6515721	2265475
0.28141123	0.4167483	2368771
0.5453085	0.5162846	2431976
0.31533423	0.43094718	2435963
0.8229262	0.6343328	2507869
0.77313334	0.60816896	2510216
0.8210435	0.6332619	2555795
0.7008885	0.5757431	2563881
0.40305224	0.4648511	2571085
0.83617467	0.64209294	2573962
0.50483084	0.5017322	2574909
0.74931055	0.59690773	2577780
0.85496956	0.65387636	2871919
0.96373516	0.7642374	2875926
0.73551524	0.59066784	2878055
0.20774707	0.38226423	2881980
0.7963684	0.6198663	2884418
0.9593219	0.75643444	2892755
0.853418	0.65286475	3189012
0.92808247	0.71443933	3189782
0.56700325	0.524151	3192583
0.904926	0.69166136	3192625
0.90860605	0.6949804	3205313
0.88924825	0.6785036	3205888
0.6562943	0.55772215	3462897
0.30396324	0.4262758	3463446
0.25395003	0.40458423	3465582
0.9528568	0.7460997	3467500
0.95700204	0.7525903	3476879
0.6818563	0.56791097	3707370
0.5291552	0.51046413	3714282
0.9248907	0.7109985	3716011
0.8426331	0.6460314	3720479
0.7167017	0.5824398	3721479
0.9817718	0.80679923	3939542
0.9172586	0.7031968	3940289
0.801918	0.6227832	4223394
0.977749	0.7951691	4229815
0.9980531	0.9035425	4234311
0.8581948	0.6560039	4234386
0.23843543	0.39738262	4237747
0.78589493	0.614496	4237758
0.20218381	0.37937772	4241468
0.7347915	0.5903456	4243965
0.47317684	0.49037436	4247014
0.98987573	0.83796126	4248900
0.91205543	0.69818306	4250779
0.69985074	0.5753099	4252632
0.9203838	0.706323	4564162
0.21405111	0.3854768	4567299
0.82412857	0.63502055	4568619
0.67040026	0.56330186	4568721
0.3860533	0.45850915	4578146
0.3732295	0.4536656	4849458
0.9236006	0.709639	4853833
0.5441211	0.51585585	4856097
0.32296735	0.43403873	4856143
0.69286525	0.57241297	4859201
0.811475	0.6279323	5182899
0.3177964	0.43194813	5198827
0.6915878	0.5718867	5201160
0.9272928	0.71357745	5207604
0.3781831	0.45554316	5208120
0.61564213	0.5421281	5214029
0.9276737	0.71399224	5541340
0.95567375	0.7504602	5542651
0.26589587	0.4099601	5543470
0.6177629	0.54292655	5543884
0.7926059	0.6179175	5547601
0.88565713	0.67568475	5548249
0.8498025	0.6505362	5552679
0.25783306	0.40634695	5554573
0.3644971	0.45033413	5557073
0.96442044	0.76551324	5562359
0.85811853	0.6559531	5567981
0.963558	0.7639104	5569391
0.2519531	0.4036718	5930757
0.46821317	0.48858923	5931522
0.9391901	0.72739846	5942392
0.9710278	0.7788979	5943171
0.51032734	0.5037034	5944007
0.5755537	0.5272722	6320731
0.7872915	0.6152024	6329301
0.9655885	0.7677324	6330197
0.6086874	0.5395197	6679770
0.66166323	0.5598341	6686402
0.2642968	0.40924838	6687928
0.48345694	0.4940665	6693797
0.37924007	0.4559427	6702753
0.3365673	0.43946669	6706449
0.7043071	0.5771753	6706956
0.66821253	0.56242985	7081938
0.8996288	0.68704754	7084409
0.31654763	0.4314409	7086797
0.6980316	0.57455236	7107865
0.83107144	0.6390552	7109276
0.9879032	0.8290056	7109541
0.319557	0.43266168	7111496
0.8925789	0.6811782	7494542
0.49150196	0.4969527	7495640
0.69543165	0.5734735	7501555
0.847394	0.64900655	7505905
0.9342612	0.7214433	7508881
0.7906732	0.61692506	7514827
0.5877546	0.53175133	7517747
0.5135454	0.50485784	7519191
0.8894492	0.6786632	7914326
0.90609473	0.6927049	7916684
0.9762115	0.79114634	8308005
0.46137795	0.48612773	8308739
0.95428187	0.7482799	8314626
0.5868727	0.5314265	8314852
0.9709877	0.77881	8317349
0.8147864	0.62975615	8323137
0.9432696	0.73261213	8326111
0.6561651	0.5576715	8337997
0.5070627	0.5025325	8703450
0.5928375	0.5336273	8705729
0.87282425	0.66610885	8711608
0.41204554	0.46817496	8719754
0.64891034	0.55483955	8725682
0.9168179	0.7027632	8726977
0.97731984	0.79402536	8729192
0.20337112	0.37999794	8731970
0.3345507	0.43866798	9097000
0.9069797	0.69350153	9103739
0.8886872	0.67805874	9110335
0.39705703	0.4626238	9119617
0.92060417	0.706547	9121347
0.6308594	0.5478908	9129403
0.47972608	0.4927272	9527605
0.55520326	0.519864	9529643
0.72269905	0.5850301	9531494
0.27629045	0.4145306	9541033
0.7567755	0.60036606	9541175
0.85783625	0.65576565	9541252
0.92391384	0.70996743	9937111
0.35141474	0.44528678	9937171
0.9906392	0.84177876	9937926
0.86955965	0.6637848	9939256
0.98164487	0.80640376	9944394
0.9146401	0.70064497	9947868
0.9493917	0.74100167	9948371
0.7688995	0.60611796	9955680
0.9158563	0.70182276	9957174
0.81692886	0.63094765	9962403
0.76023173	0.60198814	10333417
0.7390635	0.59225494	10341940
0.8731794	0.66636425	10344963
0.8185007	0.6318276	10345183
0.9711267	0.77911544	10347379
0.79081935	0.61699986	10356657
0.98330104	0.8117343	10362583
0.9177912	0.70372325	10367035
0.93896645	0.7271206	10756858
0.30776435	0.4278465	10763876
0.34612283	0.44322422	10777018
0.85226715	0.6521192	10778036
0.32351553	0.43425944	10787723
0.41062784	0.46765235	11197803
0.5124192	0.50445384	11350160
0.9685335	0.7735947	11350298
0.21276416	0.38482583	11355860
0.9640555	0.76483136	11364005
0.66712177	0.56199604	11593029
0.9597731	0.7572015	11593657
0.5423712	0.5152243	11601513
0.9280158	0.7143663	11611130
0.25725758	0.40608668	11613672
0.8098218	0.6270297	11915296
0.47107267	0.4896178	11915540
0.9193928	0.7053219	11916533
0.73802656	0.5917899	11916607
0.68924606	0.5709247	11917674
0.5898561	0.5325262	11920922
0.4798099	0.4927573	11926596
0.8304971	0.6387173	11935238
0.7037122	0.5769255	11935278
0.9538121	0.74755585	11936383
0.73437375	0.5901597	11938415
0.50708354	0.50254	11939888
0.974165	0.78608817	11944809
0.9440646	0.7336614	12360644
0.35046902	0.44491914	12366412
0.9726759	0.7825969	12384027
0.9299811	0.7165412	12385891
0.9677541	0.7720037	12390410
0.6928102	0.5723903	12393671
0.7446207	0.5947652	12396900
0.9488283	0.74019814	12397038
0.3949676	0.4618452	12768328
0.54052603	0.5145587	12771839
0.8890085	0.67831326	12772447
0.9666049	0.7697106	12775591
0.3623138	0.44949666	12776013
0.5003584	0.50012857	12784872
0.71584404	0.5820718	12789627
0.5783946	0.5283123	12792999
0.94002473	0.7284431	12797860
0.46563533	0.48766136	12801882
0.90241754	0.68945336	12807353
0.91770524	0.70363814	13225795
0.8885881	0.67798036	13226169
0.48067197	0.4930668	13226734
0.46578023	0.48771355	13232878
0.9817193	0.8066353	13248464
0.5872391	0.53156143	13251321
0.7905138	0.6168435	13259851
0.83175266	0.6394571	13262973
0.75581205	0.5999163	13263678
0.901543	0.68869346	13668972
0.36401647	0.45014995	13673252
0.27146474	0.4124205	13678926
0.97279096	0.7828613	13679144
0.38555858	0.4583233	13684473
0.99642795	0.88278204	13703241
0.35602686	0.44707435	13707522
0.98710245	0.82568127	13708121
0.99042344	0.8406767	14116733
0.6404813	0.5515783	14122018
0.8151747	0.62997144	14123121
0.43845844	0.477836	14126536
0.8549226	0.65384567	14127379
0.5373742	0.51342255	14133121
0.85966915	0.6569878	14142869
0.6273301	0.546547	14145819
0.8535247	0.65293413	14146779
0.7368906	0.5912816	14148067
0.42935446	0.4745211	14541525
0.45658505	0.48439908	14544792
0.82863325	0.6376258	14549718
0.90964097	0.6959317	14550986
0.9888679	0.8332372	14559447
0.49655026	0.49876305	14565323
0.9422471	0.73127925	14568669
0.37649488	0.45490423	14576166
0.9744168	0.7866935	14579058
0.58003956	0.52891535	14979151
0.9068339	0.6933699	14979760
0.4912579	0.4968652	14982236
0.8883969	0.6778293	14987249
0.8985441	0.68612504	14996295
0.92020094	0.70613766	15367882
0.7046207	0.5773071	15371029
0.8070136	0.62550795	15371455
0.9461395	0.73645407	15378849
0.91552365	0.7014994	15380366
0.8717512	0.66534024	15381551
0.9935581	0.8589474	15383174
0.78643525	0.6147689	15385554
0.9416264	0.73047876	15398896
0.98856014	0.831858	15401197
0.9982256	0.9064099	15401319
0.9368456	0.72452164	15815280
0.2625415	0.40846443	15817198
0.8863776	0.676245	15817989
0.6496206	0.55511576	15818996
0.989532	0.8363118	15828089
0.81293374	0.62873316	15838621
0.71926534	0.5835435	15839331
0.27370462	0.4134024	15844775
0.798113	0.6207777	15850544
0.88931125	0.6785535	15853955
0.32793838	0.43603423	15855073
0.70829177	0.5788552	16268402
0.29495478	0.42251435	16274287
0.96630895	0.76912993	16274638
0.8136015	0.6291011	16277276
0.9249587	0.7110706	16277400
0.2650711	0.40959328	16280361
0.76960695	0.60645914	16284835
0.9827344	0.80986744	16286293
0.8786875	0.6703928	16286423
0.5997956	0.5362057	16302327
0.8766009	0.6688515	16303093
0.31318405	0.43007004	16305087
0.9937366	0.86017144	16310482
0.4919413	0.49711028	16311444
0.983872	0.81366515	16729181
0.2537856	0.40450928	16746780
0.8225753	0.6341326	16769603
0.96509284	0.76678383	17155237
0.9917493	0.84776616	17156409
0.4931185	0.49753243	17159594
0.80391985	0.62384814	17168316
0.8219765	0.6337917	17168519
0.40250707	0.464649	17168560
0.98349434	0.81238264	17170322
0.51652056	0.5059254	17178540
0.38052058	0.45642617	17179931
0.6512352	0.55574447	17181162
0.27092877	0.41218495	17186885
0.90423024	0.6910447	17194919
0.39333627	0.46123648	17195989
0.6733762	0.56449217	17196524
0.99767095	0.8977831	17587313
0.9841462	0.8146106	17587728
0.85303605	0.65261686	17590994
0.5840127	0.5303742	17591381
0.60056895	0.536493	17591510
0.5060286	0.5021617	17604353
0.37902334	0.4558608	17605095
0.99628335	0.8812963	17621026
0.91039294	0.696628	18043217
0.99226165	0.8507327	18047485
0.72292036	0.5851262	18052268
0.8264443	0.6363542	18053162
0.4617949	0.48627803	18056142
0.9638431	0.7644372	18057700
0.9611207	0.7595326	18058180
0.9468332	0.73740613	18061504
0.9648824	0.76638407	18068862
0.5460818	0.5165639	18070922
0.9519128	0.7446834	18078824
0.88698953	0.67672294	18496759
0.6040286	0.5377806	18501462
0.9726097	0.7824449	18504207
0.8559642	0.6545289	18511257
0.7997083	0.6216155	18511519
0.9276906	0.7140107	18516783
0.9792058	0.7991808	18519642
0.98941714	0.83576995	18906714
0.21261458	0.38474998	18915421
0.80345917	0.62360245	18917268
0.45434335	0.48358968	18917561
0.7903435	0.6167564	18918087
0.8262514	0.6362427	18926193
0.56093943	0.52194524	18930542
0.4412495	0.47884953	18931328
0.82841533	0.6374988	18937177
0.35501757	0.44668394	19337590
0.62108046	0.5441784	19339739
0.677513	0.5661548	19343087
0.9570383	0.75264907	19344163
0.43260828	0.47570747	19348020
0.5918252	0.5332532	19348736
0.9483815	0.7395658	19351111
0.88810045	0.67759544	19363900
0.95476484	0.74903077	19373750
0.86361504	0.6596573	19809917
0.50694716	0.50249106	19811071
0.92470443	0.71080106	19822143
0.9865574	0.8235058	19826275
0.94699186	0.7376253	19827963
0.49535716	0.49833524	19829464
0.7073641	0.5784631	19831139
0.67476404	0.5650489	19832635
0.67575234	0.565446	19832680
0.36721936	0.45137578	19837602
0.91959095	0.70552135	19837966
0.9208352	0.7067822	19839727
0.7811807	0.6121324	19841875
0.87449396	0.6673142	20252855
0.9577322	0.7537827	20258374
0.27059305	0.41203722	20263787
0.2991612	0.42427772	20268030
0.8378762	0.6431201	20268607
0.8287733	0.63770753	20272011
0.86974627	0.6639165	20281871
0.98906857	0.8341515	20285605
0.3958447	0.4621722	20287560
0.77586967	0.6095068	20293988
0.47933966	0.4925884	20710282
0.7520698	0.5981789	20711211
0.98380166	0.8134242	20715818
0.40918943	0.46712157	20721505
0.72978574	0.5881295	20722306
0.9406795	0.72927016	20732223
0.23675588	0.39658678	20738837
0.98081183	0.8038592	20739896
0.9842889	0.8151073	21169789
0.74988085	0.5971698	21174766
0.5948658	0.5343776	21176163
0.8880815	0.6775805	21177909
0.7210747	0.5843256	21184618
0.7985688	0.6210167	21188169
0.97500944	0.788137	21192877
0.21502355	0.38596705	21194796
0.92981243	0.7163529	21199852
0.6410375	0.55179256	21200882
0.9549616	0.7493384	21207553
0.7762718	0.60970426	21209747
0.90661347	0.6931712	21213072
0.94371575	0.73319954	21215865
0.832639	0.63998157	21215871
0.9272559	0.7135374	21627417
0.8303796	0.6386483	21638124
0.91441786	0.7004311	21641602
0.9774743	0.794435	21645368
0.39397362	0.46147436	21657991
0.93180335	0.7185997	21670761
0.7406221	0.59295595	22085840
0.7516587	0.5979891	22096662
0.6507593	0.55555904	22101200
0.77917534	0.61113644	22111181
0.30382782	0.42621967	22111756
0.8461007	0.64819205	22115147
0.83361363	0.64056057	22118002
0.8612682	0.6580632	22118266
0.3475385	0.4437772	22118271
0.34233195	0.44173875	22128965
0.86722857	0.66215056	22540408
0.5499212	0.51795167	22541847
0.9849932	0.8176111	22560359
0.5572487	0.5206056	22560855
0.3204515	0.4330235	22561683
0.18038419	0.367545	22561957
0.85438436	0.65349394	22566641
0.87085444	0.6647015	22568612
0.99254334	0.8524257	22580896
0.7883242	0.61572665	23017798
0.9496477	0.7413691	23020553
0.89573574	0.6837702	23029991
0.35123315	0.44521627	23030223
0.9838869	0.813716	23035091
0.98482054	0.8169895	23038690
0.83785933	0.64310986	23042905
0.9905511	0.84132713	23047907
0.98569447	0.82019395	23469998
0.48013237	0.49287307	23470024
0.6085136	0.53945476	23474501
0.5811129	0.52930915	23491167
0.7735089	0.6083519	23498321
0.62641	0.5461975	23501853
0.9743391	0.7865065	23506175
0.8570799	0.6552647	23511687
0.79493004	0.6191186	23921536
0.58675325	0.5313825	23923219
0.8676719	0.6624598	23925561
0.9137346	0.69977623	23929248
0.9979772	0.9023389	23931189
0.9875131	0.8273659	23935425
0.49441886	0.49799874	23943397
0.8129026	0.6287161	23952615
0.5711713	0.52567077	23954367
0.4708713	0.4895454	23960979
0.6279359	0.54677737	23963567
0.9107786	0.69698685	23963769
0.86045325	0.657514	23967775
0.3830431	0.45737708	24387471
0.5469288	0.5168699	24397522
0.8955175	0.68358916	24423832
0.5331623	0.5119058	24830353
0.38266245	0.45723373	24833224
0.52383	0.50855005	24840298
0.2692661	0.4114524	24843667
0.9469198	0.7375256	24852821
0.8651006	0.6606766	24866787
0.4574284	0.48470345	24869830
0.86994433	0.6640565	24870090
0.9846436	0.81635743	24872226
0.92501116	0.71112627	24874015
0.2974095	0.42354488	25283726
0.57615936	0.52749383	25292891
0.43993425	0.47837204	25295682
0.9850649	0.81787103	25304105
0.5368285	0.513226	25311501
0.45004037	0.48203442	25314909
0.7880719	0.6155984	25316396
0.93185115	0.7186542	25318912
0.9298877	0.7164368	25319809
0.47155422	0.489791	25324139
0.83726215	0.6427486	25325250
0.35413218	0.44634113	25330117
0.9550514	0.749479	25330179
0.2089032	0.38285792	25753767
0.85743225	0.6554978	25760110
0.8790107	0.67063326	25760522
0.9222932	0.70827883	25767434
0.41645616	0.46979812	25769090
0.986784	0.8244018	25772709
0.80977255	0.62700284	25776695
0.62638324	0.5461873	25777944
0.7777842	0.6104488	25780140
0.9612619	0.75978035	25785840
0.525246	0.50905883	25791722
0.7459578	0.59537375	25793242
0.45335072	0.4832311	25794254
0.7339921	0.5899902	25794707
0.94807756	0.73913795	25795260
0.9347729	0.7220454	25798806
0.96462226	0.7658927	26230962
0.9447449	0.73456806	26235865
0.5372215	0.51336753	26237034
0.40361756	0.46506065	26237913
0.8191641	0.63220054	26249947
0.89715475	0.68495417	26260408
0.9042969	0.69110364	26263402
0.893498	0.681927	26687938
0.78938884	0.61626875	26697270
0.7873239	0.6152188	26699388
0.8407791	0.6448896	26700745
0.4055069	0.46576035	26704424
0.9966966	0.885661	26708891
0.415947	0.46961096	26717703
0.8762635	0.66860414	26720044
0.4951829	0.49827275	26731372
0.7708596	0.6070646	26731790
0.8060822	0.62500656	26733757
0.9768464	0.7927828	26734668
0.8463311	0.64833677	26735386
0.96960384	0.7758295	26735437
0.62132627	0.54427135	26739688
0.9280978	0.71445614	27164638
0.8814573	0.67246884	27178110
0.29017165	0.42049378	27179819
0.8694148	0.6636827	27181459
0.9687967	0.77413887	27182742
0.71123266	0.5801026	27187603
0.70030314	0.57549864	27204333
0.18515317	0.37021035	27207762
0.43828028	0.47777125	27210804
0.27666953	0.4146955	27632812
0.75542665	0.5997367	27644286
0.94103765	0.7297256	27645520
0.71818644	0.5830784	27654340
0.83558923	0.6417413	27667155
0.8786078	0.6703337	27672228
0.8884906	0.67790335	28086883
0.97003233	0.7767412	28088173
0.8456928	0.64793617	28101593
0.9879723	0.82929987	28102041
0.54476434	0.51608807	28104354
0.34610814	0.44321847	28111805
0.98545384	0.81929696	28115542
0.9771542	0.7935884	28120095
0.9656595	0.76786906	28124447
0.24565132	0.40076488	28130776
0.32048112	0.43303546	28131839
0.7971756	0.62028736	28135520
0.8905844	0.67956936	28135987
0.8389323	0.64376134	28549649
0.99368435	0.8598104	28550801
0.41028088	0.46752435	28550988
0.28523245	0.41838938	28553438
0.75634044	0.60016286	28562110
0.95985866	0.7573478	28574523
0.9772764	0.7939106	28578926
0.921206	0.70716083	28581980
0.49913922	0.4996914	28589315
0.9571631	0.75285196	28589316
0.9570845	0.7527241	28968381
0.20048697	0.37848723	28969011
0.94588184	0.7361028	28971313
0.9841951	0.81478035	28975278
0.8357135	0.6418158	28978390
0.5828533	0.5299482	28991592
0.4605353	0.48582402	29002301
0.31320083	0.4300769	29007499
0.9248169	0.7109202	29008685
0.23936312	0.3978208	29009854
0.97703916	0.7932863	29009899
0.94164294	0.7305001	29010890
0.94800615	0.7390378	29016389
0.82815385	0.6373464	29415371
0.5040871	0.5014655	29420748
0.8407671	0.64488226	29429477
0.96669054	0.76987946	29435145
0.94225246	0.7312861	29437215
0.38989165	0.4599485	29455622
0.24548563	0.4006879	29458155
0.44275326	0.4793951	29466501
0.7044934	0.57725364	29874001
0.51454026	0.5052148	29874129
0.6691833	0.56281644	29882499
0.64093494	0.55175304	29882584
0.97039145	0.77751285	29883263
0.9861312	0.82185066	29884770
0.23657882	0.3965027	29886633
0.98937154	0.83555573	29890831
0.9492313	0.74077225	29893481
0.77821654	0.6106622	29907328
0.94542503	0.73548335	29908564
0.5420225	0.51509845	29908808
0.50068057	0.500244	29919226
0.14889234	0.34862778	29919289
0.832808	0.6400818	29921175
0.21497624	0.38594323	29925776
0.55952543	0.5214318	30329887
0.9801042	0.8017627	30332131
0.81218326	0.62832063	30332894
0.9987087	0.91565263	30337354
0.593846	0.5340002	30338983
0.3933838	0.46125418	30339070
0.90727544	0.69376904	30341437
0.34163606	0.44146535	30350146
0.6850786	0.569221	30352736
0.9903616	0.8403648	30360589
0.9350228	0.72234076	30362963
0.914813	0.7008117	30365673
0.43894786	0.47801378	30371324
0.9606943	0.7587884	30376823
0.90878093	0.6951406	30377540
0.8350239	0.64140236	30793575
0.8172107	0.63110507	30794637
0.8088767	0.6265159	30801106
0.96841675	0.77335465	30805968
0.98346555	0.8122856	30809164
0.34048256	0.44101164	30815457
0.4545359	0.48365924	30815600
0.85864264	0.656302	30819013
0.5562516	0.52024406	30826038
0.75070614	0.5975497	30827214
0.71402365	0.58129245	30831886
0.77538645	0.6092698	30832279
0.5920564	0.5333386	30834134
0.77006596	0.60668075	30835296
0.8781364	0.669984	30835422
0.9909033	0.84315366	30836656
0.7030508	0.576648	30836712
0.93367875	0.7207622	30841845
0.531718	0.51138604	31259695
0.86621046	0.66144323	31266501
0.77154213	0.6073954	31280763
0.9594194	0.75659966	31281248
0.9784015	0.7969406	31282765
0.5538028	0.51935667	31287549
0.9785371	0.7973136	31295374
0.6088451	0.53957874	31299178
0.82647204	0.6363703	31301961
0.44583616	0.4805126	31304151
0.9633793	0.763582	31309085
0.60651886	0.5387094	31768936
0.2525333	0.40393734	32205632
0.97674006	0.79250616	32209328
0.97439045	0.78663	32212363
0.9702618	0.77723336	32654175
0.20665608	0.38170207	32666681
0.784553	0.61381996	33130193
0.67991376	0.5671242	33138581
0.9690083	0.77457875	33156753
0.7470858	0.5958885	34051725
0.645805	0.5536345	34056746
0.7918709	0.6175394	34058517
0.43652764	0.4771341	34488086
0.5386761	0.51389176	34493704
0.874568	0.6673678	34954700
0.31283867	0.42992893	35844553
0.8931118	0.68161184	35869090
0.99451715	0.86584556	35878173
0.39235482	0.46086985	36366083
