28068703
28068178
28068173
28067922
28067062
28066599
28066598
28066592
28066240
28065960
28065218
28064398
28064216
28063998
28063972
28063696
28063603
28063168
28063096
28062933
28062918
28062420
28062212
28061900
28061890
28061878
28061796
28061634
28061538
28061457
28061360
28061358
28060373
28060372
28060369
28060368
28060173
28059107
28059094
28059068
28058215
28058144
28058108
28057403
28057354
28057147
28057072
28057062
28056868
28056426
28056116
28055955
28055245
28055120
28054528
28053906
28053903
28053877
28053867
28053840
28053542
28053372
28052685
28052684
28052400
28052061
28052009
28051906
28051256
28050781
28050651
28050596
28050382
28050297
28049604
28048774
28048671
28048503
28048410
28048327
28048060
28047612
28047238
28047061
28046950
28046893
28046847
28046723
28046674
28046312
28046029
28045826
28045814
28045631
28045062
28044351
28044211
28044124
28043710
28043475
28043248
28043142
28042980
28042960
28042706
28042503
28042498
28042160
28041841
28040757
28040722
28040660
28040535
28040422
28040059
28039610
28039609
28039483
28039476
28039470
28039462
28039461
28039448
28039438
28038851
28038793
28038711
28038473
28038471
28038457
28038319
28036301
28036265
28036160
28036153
28036145
28036101
28035762
28035703
28035402
28035370
28035369
28035363
28035351
28035308
28035248
28035060
28034896
28034705
28034501
28034498
28034323
28033527
28033442
28033431
28033186
28032952
28032736
28032719
28032684
28032680
28032670
28032603
28032493
28032290
28032082
28031938
28031935
28031893
28031722
28031525
28030898
28030848
28030842
28030794
28030717
28029677
28029663
28029448
28029423
28029303
28028992
28028639
28028607
28028531
28028355
28028308
28027995
28027517
28027254
28027201
28027121
28026078
28025779
28025482
28025447
28025427
28025425
28025101
28024835
28024726
28024720
28024701
28024696
28024692
28024290
28018812
28018158
28017725
28017592
28017495
28013517
28013372
28012797
28012539
28012358
28012208
28012180
28012178
28011493
28011487
28011472
28011467
28011326
28011180
28011124
28010943
28010896
28009686
28009668
28009608
28009429
28008929
28008899
28008780
28008744
28008626
28008195
28008143
28007674
28007628
28007409
28007325
28006857
28006838
28006084
28006059
28005771
28004293
28004284
28004135
28004115
28004068
28002705
28002101
28001329
28000902
28000881
28000729
28000565
28000418
28000343
28000225
27999760
27999741
27999323
27999209
27998862
27998858
27998447
27998415
27997430
27995408
27995119
27994904
27994665
27994655
27994502
27994498
27994496
27994422
27994410
27993578
27993466
27993194
27993151
27992314
27992079
27991921
27991679
27990632
27990392
27989906
27989709
27989010
27989009
27988198
27987587
27987372
27987285
27987269
27986264
27986146
27984656
27984435
27984378
27984373
27984325
27984219
27984124
27983527
27982195
27981940
27981249
27981227
27981067
27981037
27980454
27980246
27980104
27979310
27978884
27978871
27977878
27977675
27977606
27976824
27976455
27976366
27975234
27975182
27974721
27974706
27974698
27974696
27974683
27969508
27966775
27966589
27966500
27966448
27966444
27966311
27966015
27965308
27965178
27964702
27960137
27960044
27960043
27959959
27959825
27959448
27959428
27958597
27957305
27957288
27957281
27956804
27956498
27956255
27956230
27955856
27943380
27943271
27943259
27943254
27943251
27943160
27942917
27942606
27942225
27941992
27941877
27941840
27941828
27941729
27941569
27941566
27941336
27941276
27941046
27939650
27939577
27939557
27939001
27938999
27938998
27938997
27938996
27938889
27938784
27937092
27935865
27935122
27935119
27935117
27935063
27935034
27934959
27933385
27933111
27932777
27932759
27932438
27932243
27931749
27931212
27931038
27930867
27930766
27930762
27930761
27930712
27930378
27929600
27929118
27926795
27926789
27926761
27926487
27926482
27925687
27925578
27925039
27924820
27924519
27924512
27924463
27924395
27924064
27923803
27923688
27923325
27922980
27922892
27922697
27922696
27920683
27920677
27920556
27920002
27920000
27919993
27919968
27919954
27919952
27919944
27919941
27919746
27919662
27919613
27919341
27919278
27919132
27918781
27918595
27918216
27917662
27917618
27916775
27916624
27916470
27916172
27915370
27914909
27913776
27913709
27913438
27913065
27912930
27911865
27911861
27911280
27910944
27910776
27910740
27910137
27909902
27909716
27909644
27909467
27908710
27908679
27908568
27908247
27907921
27907906
27907036
27906878
27906459
27906454
27906449
27906094
27906054
27906042
27905695
27905172
27905171
27905170
27905158
27905120
27905113
27905110
27905054
27904690
27904683
27904675
27904449
27903975
27903974
27903924
27902986
27902974
27902867
27902597
27902478
27902422
27901506
27900998
27900730
27900728
27900538
27900322
27900251
27900245
27900089
27900078
27900059
27900035
27900023
27900016
27899985
27899982
27899978
27899965
27899959
27899785
27899779
27898225
27898195
27898189
27898186
27898173
27898109
27897028
27896820
27896643
27896513
27896249
27896230
27896204
27896203
27896185
27896137
27895997
27895920
27895918
27895794
27895779
27895741
27895731
27895406
27895081
27894849
27894333
27893424
27893418
27893152
27892984
27892773
27892644
27891616
27891452
27891443
27891253
27891193
27890959
27890801
27890686
27890239
27890186
27889946
27889930
27889881
27889751
27889695
27889534
27889319
27889291
27889233
27889038
27889037
27889035
27889032
27889030
27888823
27888709
27888708
27888679
27888616
27887643
27886860
27886571
27886225
27886147
27885834
27885662
27885568
27884700
27884164
27884161
27884140
27884018
27882820
27882744
27882726
27882625
27882471
27882172
27882053
27881143
27880766
27880017
27880014
27879972
27879093
27878928
27878893
27878368
27878293
27878285
27878063
27877135
27877079
27877007
27876545
27876505
27876462
27876461
27876303
27876236
27876133
27876067
27876017
27875814
27875523
27873474
27872710
27872541
27872538
27872524
27872523
27872522
27872102
27871329
27870730
27870714
27870709
27870265
27869649
27869492
27868409
27868407
27868406
27868295
27868288
27868287
27868286
27868285
27868181
27868095
27868012
27867927
27867748
27867561
27867556
27867543
27867017
27866975
27866683
27866423
27865799
27865537
27865454
27865373
27865372
27865370
27865367
27865363
27865360
27865224
27865210
27864996
27864908
27864629
27864301
27864120
27863864
27863415
27863406
27863400
27863386
27863182
27863075
27862620
27862553
27862321
27862305
27860538
27860390
27860386
27860242
27859938
27859466
27859417
27859415
27859308
27859245
27859177
27859017
27858544
27858061
27857112
27857102
27857024
27856289
27855375
27855370
27853937
27853924
27853649
27853385
27853043
27852700
27852047
27852044
27851819
27849650
27849340
27849339
27849338
27848425
27848137
27847913
27847826
27847731
27847519
27847320
27846930
27846378
27846199
27846183
27845894
27845189
27843803
27843652
27843642
27843579
27843342
27843278
27843030
27842990
27842421
27841829
27841828
27841803
27841129
27841126
27841125
27841123
27841107
27840932
27839896
27838148
27837632
27837456
27837418
27837338
27837320
27836618
27836203
27835987
27835914
27835902
27835882
27835880
27835592
27835590
27835588
27835574
27834805
27834349
27833978
27833960
27833340
27833312
27833247
27833073
27832932
27832810
27832663
27832639
27832627
27832425
27832422
27832418
27832386
27832373
27832256
27832255
27831944
27830468
27830391
27830320
27830017
27829946
27829767
27829763
27829738
27829737
27829391
27829231
27829211
27828852
27828780
27828631
27827319
27826936
27826666
27826622
27826618
27826202
27826199
27826035
27826009
27825810
27825651
27825407
27824931
27824788
27824702
27824321
27824057
27823974
27823618
27823577
27822875
27822478
27822423
27822378
27822110
27822104
27822069
27821804
27821498
27821487
27821247
27821180
27821144
27819679
27819244
27818894
27818465
27818285
27818121
27818080
27817239
27817107
27816970
27816731
27816689
27816685
27816641
27816622
27816392
27816020
27815686
27815461
27815013
27814385
27812856
27812105
27812062
27812049
27811857
27811637
27811365
27811353
27810904
27810391
27810266
27810163
27810139
27809798
27768836
27751825
27743497
27680685
27601166
27569214
27503930
27495191
27260106
27809392
27809391
27808409
27808105
27807706
27807324
27807177
27807072
27807068
27806837
27806585
27755795
27667729
27440811
27353078
27312520
27041586
27028038
27806322
27805296
27804941
27804311
27804082
27804027
27803402
27803070
27802807
27797826
27581783
27301901
27221573
27802264
27802201
27802117
27801961
27801760
27801758
27801735
27801732
27801498
27800068
27799787
27799784
27799732
27704636
27696382
27685843
27649287
27636103
27335246
27798955
27798923
27798921
27798916
27798905
27798316
27797381
27797326
27797221
27797003
27796514
27796319
27796187
27796128
27781559
27780858
27749841
27742683
27680010
27680009
27613022
27220962
27794399
27211910
27794159
27793952
27793929
27793918
27793917
27793914
27793902
27793776
27793445
27793413
27793210
27793056
27793049
27793047
27793032
27793011
27793000
27792831
27792826
27792794
27792259
27791423
27791295
27791260
27791196
27790941
27790636
27790599
27790593
27790587
27790516
27790514
27790451
27790450
27789959
27789946
27789944
27789668
27789544
27789176
27788954
27788920
27788605
27756753
27741416
27732737
27716878
27693704
27693639
27693243
27664320
27650585
27645894
27639294
27577754
27574755
27566459
27546810
27546387
27525378
27475122
27465934
27396354
27373806
27373309
27292107
27248504
27235177
27229481
27197583
27193637
27053431
26979247
26979243
26481863
27788497
27788489
27788480
27788211
27787516
27786280
27786150
27785896
27785426
27785367
27785144
27785073
27785069
27785048
27785012
27784465
27784443
27770187
27693630
27671927
27662051
27598442
27528500
27415419
27399176
27391867
27325237
27310830
27169400
27140176
27076258
27065324
27060693
26660140
27784038
27783844
27782094
27782084
27782043
27781415
27781400
27780825
27780595
27561828
27440205
27312487
27164935
27159259
26991907
26876359
26850833
27780223
27780132
27779690
27779648
27779103
27778345
27778330
27778327
27778234
27778071
27778070
27777979
27777949
27776933
27776726
27748889
27717097
27667357
27667173
27666723
27666488
27666023
27665739
27654256
27636008
27633630
27633334
27633099
27600098
27599779
27599468
27220886
27203740
27776222
27775687
27775588
27775076
27774922
27774746
27774637
27774632
27774577
27774114
27773997
27773646
27773561
27773118
27773116
27773096
27772946
27772586
27771733
27770838
27717818
27693558
27686031
27678492
27663304
27658568
27544455
27501502
27487173
27476776
27457831
27456757
27436828
27422482
27311875
27305467
27256411
27114188
27113744
26551352
27770472
27770321
27770270
27770006
27769738
27641506
27631871
27600594
27521994
27203549
27191981
27177223
27147562
27095577
26075572
27769097
27768771
27768599
27768120
27767238
27767175
27767088
27766787
27766781
27766776
27766725
27766718
27766546
27765924
27765636
27765552
27765374
27765341
27765340
27765330
27765109
27765102
27677255
27637779
27597395
27569598
27389641
27365098
27241923
27164522
27764891
27764820
27764819
27764818
27764170
27763972
27763947
27763794
27763689
27762347
27762143
27762071
27761967
27761727
27761389
27761383
27761209
27761094
27760954
27760933
27760788
27760645
27760600
27760597
27760596
27760595
27760594
27760593
27760592
27760591
27759902
27759773
27758080
27758029
27757815
27757542
27757500
27756984
27756983
27756876
27756320
27668394
27614428
27584912
27567474
27561463
27454766
27416996
27404896
27384595
27311752
27108343
26993659
26728026
26373350
27756030
27755996
27755437
27755060
27753659
27753187
27752995
27752850
27752532
27752471
27752212
27752156
27752108
27751768
27751760
27751621
27751353
27714034
27667675
27653232
27576135
27544683
27539139
27152851
27152722
27131339
27750381
27750372
27749915
27749580
27749515
27749454
27749287
27748903
27748881
27748256
27747699
27747588
27747114
27747086
27747030
27746267
27746117
27746062
27745985
27745792
27741378
27214394
27059424
26447895
27744625
27744260
27743938
27743482
27743378
27743200
27742669
27742432
27742375
27742014
27741339
27741114
27739441
27739364
27739348
27739030
27738909
27738428
27738327
27738319
27738315
27738310
27737660
27737535
27737449
27737355
27736845
27736623
27736222
27734976
27734748
27734031
27733374
27732990
27732948
27732729
27732728
27732727
27732629
27731549
27731548
27731547
27731378
27730349
27730323
27730124
27729745
27729640
27728966
27728803
27728797
27727111
27726944
27726241
27726103
27725908
27725902
27725869
27725730
27725467
27725203
27725202
27725201
27725148
27724969
27723786
27723629
27722157
27722152
27722045
27721759
27721734
27721663
27721660
27721632
27721627
27721614
27721613
27721612
27721611
27721610
27721609
27721608
27721605
27721604
27721603
27721600
27721596
27721595
27721263
27721262
27721256
27721245
27720890
27720774
27720656
27720651
27720649
27720480
27720281
27719763
27718784
27718753
27718152
27717439
27717438
27717437
27717436
27717434
27717372
27717197
27716797
27716615
27716204
27714944
27714753
27713748
27713635
27713166
27713052
27712917
27712196
27711922
27709850
27708441
27708229
27708214
27707594
27707505
27707421
27706833
27706656
27706614
27706612
27706596
27706233
27704641
27704359
27703640
27703530
27703526
27703521
27703379
27703377
27702836
27702706
27701887
27701884
27699902
27699546
27699543
27699540
27699538
27699535
27699533
27699529
27699266
27699149
27698919
27698903
27698889
27698883
27698869
27698864
27698839
27698823
27698819
27698794
27698780
27698691
27698593
27698162
27697445
27696679
27696591
27696557
27696538
27696488
27696395
27696293
27695347
27695343
27694253
27694187
27694130
27693964
27693945
27693541
27692455
27692451
27692445
27691962
27689845
27689405
27689398
27689360
27689325
27689027
27688833
27688612
27688609
27688201
27688169
27688163
27688117
27688115
27688114
27688113
27688112
27688111
27688105
27688104
27688103
27688102
27688101
27688100
27688098
27688097
27687307
27687303
27687058
27686766
27685923
27685421
27685326
27684986
27684953
27684868
27684856
27684455
27683640
27683215
27683114
27683113
27682879
27682875
27682718
27682597
27682036
27681951
27681865
27681754
27681476
27681453
27681337
27681166
27681076
27680978
27680541
27680294
27680099
27680068
27680065
27680063
27679957
27679399
27679177
27679123
27678323
27678273
27678132
27677664
27677454
20301571
27676503
27676191
27672963
27671820
27671184
27671150
27671050
27671002
27670699
27670397
27670127
27670104
27669890
27669705
27669672
27669504
27669501
27669422
27669306
27668986
27668200
27667796
27667722
27667526
27667467
27667399
27666747
27666600
27666346
27666139
27665737
27664975
27664490
27664424
27663996
27663986
27663899
27663741
27663613
27663357
27663092
27663086
27662323
27662089
27660560
27660259
27660101
27659550
27659384
27659129
27659090
27658780
27658688
27656852
27658240
27658208
27658048
27657735
27657690
27657462
27656881
27656597
27656555
27656549
27656540
27656454
27656425
27656303
27656036
27655328
27655285
27654955
27654088
27653501
27653310
27652204
27652158
27651747
27651746
27651634
27651471
27650456
27650361
27649957
27649954
27649656
27649518
27649421
27649273
27649110
27648737
27648727
27648388
27648360
27648130
27648083
27647686
27647401
27647397
27647393
27647179
27646946
27646894
27646882
27646740
27646608
27646207
27645330
27644951
27644925
27644911
27644904
27644669
27644660
27644654
27644637
27644244
27644195
27643719
27643652
27643633
27643613
27643444
27642483
27642450
27642215
27642030
27641220
27640185
27639891
27639864
27639568
27639451
27639386
27639035
27638386
27638307
27637778
27637603
27637349
27637160
27637100
27636117
27635749
27635639
27635269
27635196
27634948
27634567
27634021
27633924
27633858
27633162
27632801
27631596
27631463
27631227
27630965
27630945
27630937
27630826
27630328
27630295
27630283
27630080
27629777
27629775
27629392
27629145
27629126
27628800
27628667
27628601
27628324
27628320
27628319
27628318
27628042
27627136
27626688
27626026
27625097
27624904
27624903
27624900
27624899
27623992
27623508
27622501
27622155
27622103
27622034
27621894
27621876
27621855
27621848
27621656
27621578
27621560
27621147
27620361
27619677
27619676
27619333
27619251
27618873
27618814
27618692
27618393
27618320
27618299
27618152
27618102
27618095
27617521
27617504
27617475
27617283
27616748
27616148
27616033
27615693
27615543
27615536
27614812
27614589
27613999
27613842
27613832
27613559
27613525
27613249
27613138
27612478
27611953
27610733
27610364
27610285
27610262
27610258
27610024
27609790
27609581
27609456
27608894
27608841
27608284
27608133
27607471
27607313
27607105
27607027
27606914
27606879
27605386
27605067
27604282
27604281
27604144
27604122
27603913
27603676
27603222
27602964
27602771
27602763
27602396
27602151
27602148
27602145
27602138
27602135
27602132
27602107
27602100
27601830
27601825
27601816
27601815
27601811
27601804
27601803
27601115
27601059
27601039
27600900
27600606
27600488
27599460
27599232
27598919
27598805
27597287
27597175
27597071
27596625
27596348
27596221
27595756
27595504
27595192
27595116
27595090
27594533
27593938
27593758
27593366
27593244
27592529
27592483
27592452
27592165
27591911
27591748
27591611
27591097
27591090
27590883
27590518
27590194
27590130
27589913
27589737
27589568
27589482
27589012
27588747
27588478
27588477
27588470
27588466
27588367
27588122
27587952
27586268
27585443
27584866
27584795
27584688
27584664
27584160
27584027
27583873
27583835
27583318
27583232
27583211
27582550
27582330
27581787
27581340
27580851
27580277
27580113
27579740
27579613
27579427
27578989
27578983
27578610
27578590
27577989
27576349
27575852
27575710
27574454
27574101
27573925
27573718
27573714
27573302
27572959
27572270
27572051
27571935
27571908
27571560
27571516
27571233
27570540
27570510
27570459
27570202
27569854
27569355
27569293
27569289
27569244
27569211
27569077
27568333
27567711
27567696
27567435
27567203
27567085
27566562
27566401
27566085
27566032
27565935
27565934
27565928
27565924
27565922
27565915
27565418
27565327
27565032
27564254
27564251
27564102
27563815
27563371
27563011
27562497
27562477
27562339
27562307
27562306
27561985
27561807
27560665
27560546
27560394
27559983
27559731
27559505
27559359
27558649
27558455
27558192
27557665
27557627
27557518
27557512
27557511
27557504
27557122
27556859
27556819
27556701
27556682
27556662
27556660
27556641
27556343
27556279
27556207
27556186
27556183
27556090
27556083
27555783
27555595
27554835
27554664
27553942
27553831
27553424
27553089
27553002
27552830
27552138
27552093
27551899
27551519
27551333
27551113
27550781
27550200
27549497
27549383
27548665
27548295
27548034
27547971
27547865
27547458
27547238
27547011
27546839
27546292
27545281
27544820
27544590
27544055
27542718
27542665
27542551
27542302
27542262
27542258
27542230
27542077
27541940
27540972
27540571
27539900
27539899
27539334
27539087
27538837
27538340
27537898
27537592
27537591
27537427
27537425
27536545
27536540
27536145
27536104
27535727
27535395
27534787
27534643
27534525
27533647
27533461
27533454
27532149
27532037
27531883
27531882
27531877
27531875
27531873
27531871
27531869
27531867
27531866
27531268
27531265
27531264
27530883
27530463
27530325
27530152
27529842
27529071
27528817
27528562
27528228
27528225
27528118
27528032
27527660
27527408
27527216
27526449
27526015
27526013
27525665
27525634
27525602
27525588
27525226
27524911
27522438
27521571
27520567
27520510
27519352
27519286
27519146
27518682
27518681
27518680
27517633
27517497
27517479
27517321
27516792
27516359
27516251
27516151
27516024
27515705
27515528
27515178
27515039
27514842
27514796
27514127
27513862
27513329
27513190
27513080
27513078
27513074
27512993
27512861
27512847
27512624
27512573
27512553
27511989
27511906
27511853
27511626
27510965
27510661
27510450
27510325
27510024
27510021
27510004
27509922
27509897
27509643
27509575
27509377
27509054
27508351
27508132
27508097
27508095
27508093
27508022
27507996
27507904
27507850
27507691
27507640
27507562
27507221
27507215
27507195
27507047
27506937
27506662
27505112
27505111
27505034
27504955
27504606
27504432
27504389
27504375
27504344
27504194
27504188
27503244
27503193
27502395
27501997
27501725
27501229
27501170
27500794
27500260
27500228
27499991
27499966
27499965
27499952
27499920
27499910
27499599
27499516
27499514
27499003
27498988
27498940
27498560
27498289
27498288
27498202
27497870
27497803
27497345
27497264
27496804
27496578
27496455
27496222
27496009
27496008
27495807
27495736
27495294
27495079
27494112
27493479
27492854
27492616
27492445
27492431
27491855
27491839
27491775
27491556
27491319
27491318
27491284
27490766
27490678
27490455
27489564
27489435
27489433
27489355
27489353
27488882
27488595
27488406
27488339
27488337
27487993
27487865
27487551
27487146
27487047
27486775
27486768
27486591
27486476
27486296
27486286
27486284
27486282
27485791
27485718
27485544
27485533
27484606
27484584
27483929
27483322
27482797
27481515
27481484
27480307
27480298
27480297
27480295
27480251
27480149
27480005
27479686
27479441
27478883
27478478
27478431
27478386
27478385
27477794
27477490
27476950
27476105
27475958
27475906
27475696
27475693
27475305
27475277
27474466
27474239
27474170
27474168
27474125
27473455
27473201
27473117
27472962
27471622
27471605
27471569
27471567
27471552
27471400
27471396
27471393
27470422
27470379
27470356
27470218
27470216
27470158
27469565
27469263
27469262
27468973
27468958
27468883
27468743
27468043
27467947
27467940
27467530
27467231
27467227
27467226
27466887
27466841
27466589
27466529
27466511
27466502
27466485
27466161
27465895
27465890
27465837
27465776
27465660
27465596
27465252
27464910
27464870
27464654
27464548
27464021
27463634
27463201
27463002
27462861
27462786
27462775
27462607
27462593
27462567
27462278
27462240
27462234
27462191
27462168
27462024
27461833
27461822
27461773
27461738
27461700
27461677
27461675
27461669
27461666
27461623
27461605
27461598
27461592
27461516
27461126
27460703
27460442
27459983
27459704
27459296
27458970
27458949
27458948
27458944
27458096
27457382
27457246
27457222
27456944
27456663
27456399
27456297
27455841
27455163
27453888
27453804
27453718
27453661
27453648
27453418
27453415
27453348
27453212
27453208
27453171
27453110
27452923
27452220
27451123
27451021
27450916
27450762
27450723
27450499
27450469
27449762
27449724
27449299
27449225
27449043
27448787
27448783
27448706
27447977
27447973
27447858
27447534
27447124
27446945
27446567
27446564
27446558
27446459
27446452
27446445
27446439
27446392
27446362
27446361
27446358
27446348
27445471
27445460
27445314
27445129
27444612
27444519
27444451
27444140
27444107
27444087
27443620
27443067
27442962
27442865
27442811
27442652
27442643
27442321
27441163
27439769
27438690
27438536
27438512
27438511
27438434
27438333
27438230
27438199
27437903
27437871
27437667
27437239
27436512
27436350
27436201
27436157
27435926
27435787
27435696
27435426
27435293
27435214
27435055
27435048
27434411
27433728
27433399
27433284
27432467
27432214
27432208
27431502
27431358
27430224
27430162
27430083
27429590
27429149
27428362
27428349
27429964
27429948
27429934
27429858
27429852
27429838
27429658
27429017
27427524
27427340
27427338
27426245
27425591
27424798
27424789
27424443
27424338
27424186
27424184
27424183
27424182
27424181
27424180
27424179
27424178
27424177
27424068
27423734
27423672
27423460
27423058
27422937
27422932
27422810
27422809
27422721
27422711
27422418
27421772
27421171
27421135
27420949
27420938
27420901
27420147
27419843
27419814
27419636
27418994
27418992
27418834
27418476
27417995
27417648
27417330
27416981
27416796
27414401
27414035
27415639
27414193
27414086
27413748
27413401
27412420
27412395
27412126
27412115
27412085
27411982
27411944
27411924
27411922
27411692
27411651
27411473
27411387
27411053
27410681
27409613
27409347
27409343
27407092
27406936
27406458
27406312
27406251
27406233
27405456
27404796
27404322
27403438
27403379
27403127
27402772
27402373
27402128
27402115
27401704
27401478
27401121
27400987
27400374
27400321
27400252
27400139
27400130
27399978
27399917
27399912
27399693
27399691
27399129
27398287
27398181
27398021
27397103
27396942
27396941
27396029
27394396
27394131
27394062
27394005
27393570
27393509
27393473
27392929
27392821
27392812
27391498
27391431
27391377
27391340
27391309
27391272
27390806
27390601
27390585
27390535
27390527
27390494
27389786
27389714
27389554
27389381
27389366
27389313
27389087
27389010
27388771
27388754
27388201
27388037
27387984
27387955
27387830
27387763
27387761
27387460
27387103
27386467
27385993
27385979
27385398
27385000
27384996
27384989
27384672
27384354
27383877
27383830
27383662
27382695
27382672
27382315
27382252
27381894
27381830
27381359
27380985
27380958
27380877
27380810
27380638
27380218
27380170
27380169
27380136
27380120
27379752
27378675
27378164
27378160
27377733
27377118
27376798
27376780
27376183
27376081
27375712
27375001
27374971
27374588
27374380
27374168
27374096
27373675
27373487
27373453
27373372
27373278
27373106
27373041
27372745
27372710
27372650
27371806
27371746
27371611
27371339
27370781
27370646
27370607
27370606
27370365
27370131
27369288
27369083
27368962
27368335
27368076
27367349
27367272
27367024
27366979
27366309
27366032
27364872
27364315
27363951
27363889
27363402
27363277
27363218
27362659
27362547
27359199
27358485
27358187
27358073
27357987
27357590
27357415
27357174
27356985
27356955
27356739
27356690
27356570
27354607
27354582
27354306
27353727
27353029
27352581
27352578
27352568
27352559
27352346
27352333
27352201
27351523
27351213
27351128
27350791
27350753
27350666
27350422
27350307
27350066
27349960
27349646
27349552
27349317
27349249
27349208
27348052
27347940
27347780
27347352
27347306
27347203
27347186
27347180
27347166
27347158
27347143
27347110
27347109
27347107
27347096
27346612
27346405
27346116
27346115
27345880
27345879
27345473
27345413
27345180
27344057
27344021
27343960
27343560
27343542
27342833
27342647
27342593
27342404
27341837
27341316
27341273
27341071
27339942
27339712
27339553
27339270
27339168
27338851
27338642
27338590
27338286
27338033
27337949
27337930
27337929
27337928
27336599
27335797
27335465
27335305
27335291
27335183
27334641
27333150
27332922
27331622
27331134
27331133
27331126
27330893
27330884
27330794
27330787
27330782
27330773
27330767
27330766
27330424
27330309
27330306
27330186
27330003
27329889
27329874
27329726
27329590
27329491
27329415
27329359
27329249
27329034
27328961
27328960
27328758
27328734
27327575
27327194
27326249
27325650
27325173
27324901
27324473
27324298
27324019
27323814
27323754
27323753
27323752
27323412
27323410
27323251
27323178
27323028
27322955
27322785
27322597
27322149
27322143
27321817
27321186
27321027
27320417
27320416
27320118
27319990
27319353
27318502
27318189
27317736
27317313
27316348
27315393
27315066
27314890
27314860
27314447
27314297
27313988
27313983
27313859
27313793
27313732
27313721
27313714
27313498
27313463
27312568
27312556
27311401
27311399
27311398
27311397
27311347
27310703
27310304
27308285
27307741
27307433
27307282
27307061
27306813
27306779
27306747
27306442
27306220
27306127
27305742
27305732
27305645
27304668
27304445
27304056
27303932
27303127
27302928
27302776
27302078
27301951
27301509
27300578
27299894
27299186
27298547
27298263
27298156
27297724
27297407
27297269
27296251
27296171
27295533
27295551
27294528
27294336
27294188
27294001
27293916
27293844
27293832
27293462
27293029
27292876
27292650
27292523
27292289
27291819
27291760
27291154
27291152
27291151
27289264
27289248
27289242
27289028
27288873
27288750
27288358
27287497
27287458
27287342
27287289
27286727
27286455
27285985
27285979
27285764
27285762
27284573
27284551
27284490
27284440
27284434
27284372
27284370
27284339
27284256
27283860
27283772
27283355
27283245
27282913
27281694
27281619
27281608
27281504
27281468
27281369
27281266
27280805
27280700
27280633
27280504
27280381
27280101
27280012
27279992
27279791
27279758
27279635
27279634
27279579
27279246
27279145
27278367
27278203
27277865
27277529
27277322
27277044
27276745
27276388
27276062
27275587
27275486
27275474
27275456
27275446
27274285
27273959
27273943
27272848
27272844
27272836
27272815
27272804
27272796
27272791
27272788
27272440
27272412
27271979
27271600
27271009
27270764
27270440
27270420
27270332
27270324
27269515
27269133
27268655
27268611
27267892
27267823
27267196
27267144
27266900
27266882
27266407
27266283
27265923
27265898
27265307
27264324
27263783
27263493
27263436
27263106
27262759
27262711
27262708
27262377
27261949
27261861
27261773
27261269
27260774
27260309
27259999
27259998
27259694
27259639
27259304
27259269
27259248
27259027
27258567
27258565
27258508
27258499
27258201
27258152
27258054
27257454
27257115
27257093
27256366
27256109
27255924
27255711
27255573
27255408
27255401
27255393
27255271
27254881
27252865
27252596
27252415
27251985
27251759
27251643
27251642
27251225
27250895
27250881
27250657
27249733
27248845
27247549
27247259
27247226
27247209
27247118
27247022
27246665
27246533
27245877
27245876
27245640
27245201
27244986
27244893
27244882
27244228
27241556
27241502
27241280
27240861
27240068
27239234
27237368
27237211
27237210
27237135
27237128
27237121
27237116
27237030
27236889
27236740
27236509
27236289
27236004
27235675
27235556
27234890
27234782
27234781
27234470
27234382
27234033
27233357
27232425
27232378
27232357
27232157
27231550
27231503
27231189
27230992
27230571
27230238
27229731
27229476
27228557
27228533
27228376
27228302
27227477
27227471
27227458
27226362
27225873
27225603
27225507
27225283
27225281
27223886
27223861
27223332
27223248
27223088
27223083
27222879
27222765
27222202
27222173
27222045
27222017
27221933
27221921
27221872
27221867
27221853
27221829
27221705
27221429
27221393
27221301
27221145
27220791
27220657
27220635
27220595
27220388
27220356
27220342
27220298
27220180
20301779
27220108
27220040
27219631
27218790
27218789
27218663
27218430
27217768
27217706
27217690
27217685
27217541
27217382
27217296
27216826
27216341
27215521
27215390
27214976
27214830
27214829
27213496
27213344
27213098
27212808
27212198
27212166
27210818
27210505
27210102
27210058
27209503
27209420
27209377
27209356
27209351
27208845
27208844
27208843
27208842
27208839
27208838
27208742
27207888
27207775
27207653
27207444
27207438
27207358
27207346
27207095
27206847
27206736
27206495
27205907
27203276
27200496
27200257
27198427
27198186
27197712
27197582
27197461
27197459
27197454
27197272
27197241
27197191
27197149
27197056
27197026
27196599
27196489
27196482
27196434
27196126
27196079
27195996
27195215
27195162
27195113
27194884
27194878
27194873
27194869
27194865
27194859
27194548
27194534
27194247
27194176
27193097
27192907
27192900
27192776
27192156
27192048
27190959
27190955
27190843
27190522
27190384
27190314
27190216
27188866
27188773
27188609
27188603
27188575
27188509
27188507
27188488
27188458
27188372
27188256
27188245
27187727
27186987
27186940
27186852
27186851
27186734
27186430
27186411
27186329
27186293
27185284
27185213
27185053
27184872
27184799
27184509
27183916
27183826
27182694
27181891
27180092
27179979
27178822
27178693
27178688
27178524
27178449
27178242
27177865
27177832
27177287
27176873
27175933
27175640
27175452
27174914
27174913
27174210
27173884
27173062
27172796
27172793
27172790
27172751
27172741
27172103
27172099
27171965
27171315
27171078
27170836
27170308
27169691
27169481
27169383
27169370
27169122
27169014
27168807
27168713
27168403
27168173
27168151
27167827
27167686
27167539
27167450
27166782
27166051
27166031
27165684
27165678
27165676
27165672
27165240
27165212
27164637
27164264
27163926
27163901
27163483
27162673
27162661
27162655
27162546
27162539
27162533
27162318
27161739
27161697
27161218
27161144
27161045
27160951
27160750
27160553
27160335
27160276
27160224
27160068
27159942
27159868
27158780
27158757
27158381
27158336
27158037
27157628
27157527
27157326
27157247
27157056
27157036
27156741
27156437
27156336
27156316
27155719
27154178
27154176
27154171
27154156
27153845
27153844
27153830
27153517
27153463
27153448
27153339
27153042
27152742
27152637
27152453
27151915
27151703
27151594
27151511
27151141
27151090
27151050
27150750
27150441
27150238
27150013
27149875
27149709
27149488
27149479
27149137
27149134
27149571
27149331
27148930
27148699
27148467
27148422
27148421
27148416
27148413
27147581
27147111
27146752
27146746
27146743
27146732
27146632
27146042
27146027
27145460
27145438
27145335
27145277
27145272
27145270
27144349
27144339
27144065
27143946
27143925
27143919
27143917
27143823
27143378
27142513
27142355
27141983
27141185
27141173
27140027
27138192
27137347
27137188
27136745
27134710
27134437
27133907
27133668
27133193
27133181
27132814
27132033
27131759
27131742
27131477
27131424
27131099
27131050
27130963
27130942
27130665
27130464
27129795
27129579
27128408
27127883
27127664
27127440
27127167
27127162
27127146
27127130
27127129
27127118
27127116
27127114
27126750
27126664
27126662
27126335
27125974
27125703
27125531
27125498
27125214
27125065
27124156
27123564
27123539
27123489
27123447
27123394
27123393
27123391
27123390
27123389
27123387
27123386
27123384
27123383
27123284
27123267
27123143
27123141
27123119
27123113
27123111
27123076
27123070
27123056
27123054
27123052
27122981
27122881
27121913
27121637
27121322
27120812
27120805
27120796
27120794
27120594
27119517
27119512
27119503
27119475
27119232
27119071
27118646
27118199
27118047
27117922
27117535
27117359
27117272
27116335
27115669
27115511
27115423
27115153
27114958
27114369
27113592
27113549
27113547
27113368
27113207
27113098
27112939
27112455
27111500
27111451
27110300
27110122
27109935
27109915
27109697
27109484
27108909
27108536
27108527
27108402
27108184
27108101
27107787
27107606
27107458
27107411
27106232
27106016
27105977
27105759
27105522
27105491
27105424
27105328
27103788
27103510
27103220
27102923
27102062
27101682
27101681
27100871
27100344
27100024
27100960
27100644
27099991
27099933
27099520
27099516
27099101
27098618
27098612
27098552
27098388
27098182
27097911
27097702
27097553
27097391
27097239
27097147
27096955
27096539
27096020
27095937
27095696
27095632
27095573
27095552
27095085
27095050
27095047
27095020
27094792
27094574
27094390
27094218
27093812
27093559
27092670
27092549
27091484
27091418
27091336
27091335
27090738
27090289
27090113
27090016
27089455
27088954
27088928
27088889
27088503
27088386
27087737
27087313
27087284
27086835
27086492
27086490
27086488
27086486
27086484
27086483
27086482
27086481
27086480
27085765
27085684
27085492
27085243
27085050
27084954
27084867
27084866
27084854
27084656
27084655
27084654
27084653
27084296
27084051
27083971
27083662
27083564
27083318
27082627
27082598
27082574
27081264
27081263
27081041
27081034
27080983
27080362
27080287
27080244
27080237
27080223
27080216
27080151
27080140
27080049
27079936
27079905
27078158
27078157
27077749
27077485
27077364
27076980
27076978
27076954
27076856
27076852
27076841
27076834
27075934
27075812
27075696
27075382
27074811
27074366
27074364
27074363
27074337
27073718
27073686
27073683
27073680
27073661
27073659
27073643
27073632
27073552
27073542
27073525
27073513
27073494
27073452
27073394
27073100
27072986
27072585
27072263
27072261
27072258
27072254
27072243
27072219
27072217
27072212
27071776
27071563
27070880
27070686
27070449
27070370
27070340
27069958
27069897
27069641
27069535
27069457
27069197
27069184
27069175
27069157
27069156
27069149
27069136
27069135
27069130
27069073
27068497
27068308
27067869
27067854
27067784
27067691
27067271
27067151
27067026
27066846
27066782
27066405
27066286
27066085
27065682
27064691
27064578
27064420
27064016
27063585
27063404
27063218
27063152
27063135
27063131
27063000
27062853
27062085
27061951
27061904
27061855
27061604
27061551
27061546
27061545
27061344
27061333
27061118
27061083
27061010
27061001
27060910
27060135
27059836
27058828
27058622
27058444
27058423
27058037
27057965
27057882
27057838
27057634
27057484
27057028
27056967
27056569
27056557
27056547
27056074
27055978
27055684
27055395